-1.231174e+00 
-1.293490e+00 
-1.276940e+00 
-1.193591e+00 
-1.265158e+00 
-1.385859e+00 
-1.257559e+00 
-1.322779e+00 
-1.252865e+00 
-1.296990e+00 
-1.423257e+00 
-1.456792e+00 
-1.334133e+00 
-1.341936e+00 
-1.409565e+00 
-1.346536e+00 
-1.228147e+00 
-1.318726e+00 
-1.375957e+00 
-1.386479e+00 
-1.349369e+00 
-1.219824e+00 
-1.298476e+00 
-1.281241e+00 
-1.254451e+00 
-1.309464e+00 
-1.411085e+00 
-1.412285e+00 
-1.428494e+00 
-1.267471e+00 
-1.340412e+00 
-1.205554e+00 
-1.223970e+00 
-1.263710e+00 
-1.412273e+00 
-1.357468e+00 
-1.276146e+00 
-1.314684e+00 
-1.390766e+00 
-1.743178e+00 
-1.365877e+00 
-1.251329e+00 
-1.211108e+00 
-1.405050e+00 
-1.304827e+00 
-1.248512e+00 
-1.266708e+00 
-1.328582e+00 
-1.274038e+00 
-1.294446e+00 
-1.309132e+00 
-1.260734e+00 
-1.291815e+00 
-1.288310e+00 
-1.231862e+00 
-1.206304e+00 
-1.407844e+00 
-1.252782e+00 
-1.678706e+00 
-1.296855e+00 
-1.312750e+00 
-1.287021e+00 
-1.245372e+00 
-1.379575e+00 
-1.314892e+00 
-1.273635e+00 
-1.257665e+00 
-1.270903e+00 
-1.246012e+00 
-1.272567e+00 
-1.437203e+00 
-1.238813e+00 
-1.339226e+00 
-1.374540e+00 
-1.243204e+00 
-1.247605e+00 
-1.235372e+00 
-1.340088e+00 
-1.275274e+00 
-1.449131e+00 
-1.345971e+00 
-1.497494e+00 
-1.327156e+00 
-1.219881e+00 
-1.389073e+00 
-1.273975e+00 
-1.286098e+00 
-1.244496e+00 
-1.244647e+00 
-1.361290e+00 
-1.278903e+00 
-1.324538e+00 
-1.253832e+00 
-1.303360e+00 
-1.254637e+00 
-1.276698e+00 
-1.284364e+00 
-1.276931e+00 
-1.296467e+00 
-1.348320e+00 
-1.265883e+00 
-1.328490e+00 
-1.305835e+00 
-1.317038e+00 
-1.278907e+00 
-1.386471e+00 
-1.269595e+00 
-1.289200e+00 
-1.270385e+00 
-1.321948e+00 
-1.418105e+00 
-1.285659e+00 
-1.342477e+00 
-1.379025e+00 
-1.261661e+00 
-1.283103e+00 
-1.246393e+00 
-1.218888e+00 
-1.297415e+00 
-1.263923e+00 
-1.200567e+00 
-1.363074e+00 
-1.249707e+00 
-1.312508e+00 
-1.290707e+00 
-1.316754e+00 
-1.276179e+00 
-1.272613e+00 
-1.214277e+00 
-1.285398e+00 
-1.354797e+00 
-1.340647e+00 
-1.201579e+00 
-1.284245e+00 
-1.258460e+00 
-1.386775e+00 
-1.416079e+00 
-1.313138e+00 
-1.282170e+00 
-1.323975e+00 
-1.278149e+00 
-1.355666e+00 
-1.429478e+00 
-1.259121e+00 
-1.348972e+00 
-1.282619e+00 
-1.301030e+00 
-1.263759e+00 
-1.299609e+00 
-1.267751e+00 
-1.332096e+00 
-1.179345e+00 
-1.273727e+00 
-1.291760e+00 
-1.207337e+00 
-1.362706e+00 
-1.231849e+00 
-1.363431e+00 
-1.423911e+00 
-1.319642e+00 
-1.217261e+00 
-1.279556e+00 
-1.347847e+00 
-1.289670e+00 
-1.247788e+00 
-1.231763e+00 
-1.209929e+00 
-1.356259e+00 
-1.382229e+00 
-1.327132e+00 
-1.440352e+00 
-1.303854e+00 
-1.333988e+00 
-1.430153e+00 
-1.222090e+00 
-1.378557e+00 
-1.400041e+00 
-1.355750e+00 
-1.421416e+00 
-1.224335e+00 
-1.252078e+00 
-1.336836e+00 
-1.344006e+00 
-1.203892e+00 
-1.335315e+00 
-1.275111e+00 
-1.290745e+00 
-1.418933e+00 
-1.253758e+00 
-1.278346e+00 
-1.268318e+00 
-1.228459e+00 
-1.237724e+00 
-1.326819e+00 
-1.369439e+00 
-1.226059e+00 
-1.308018e+00 
-1.387610e+00 
-1.305375e+00 
-1.351552e+00 
-1.278802e+00 
-1.413546e+00 
-1.309756e+00 
-1.251459e+00 
-1.198970e+00 
-1.303950e+00 
-1.268423e+00 
-1.246749e+00 
-1.300104e+00 
-1.323451e+00 
-1.292191e+00 
-1.288533e+00 
-1.420896e+00 
-1.351479e+00 
-1.282305e+00 
-1.238680e+00 
-1.401783e+00 
-1.350055e+00 
-1.289798e+00 
-1.270883e+00 
-1.250264e+00 
-1.333952e+00 
-1.265186e+00 
-1.408419e+00 
-1.263001e+00 
-1.382069e+00 
-1.341408e+00 
-1.253064e+00 
-1.285100e+00 
-1.307323e+00 
-1.307269e+00 
-1.324204e+00 
-1.241806e+00 
-1.325674e+00 
-1.287106e+00 
-1.216492e+00 
-1.341129e+00 
-1.264611e+00 
-1.362090e+00 
-1.326284e+00 
-1.314667e+00 
-1.317554e+00 
-1.343751e+00 
-1.222015e+00 
-1.225215e+00 
-1.304261e+00 
-1.266559e+00 
-1.245619e+00 
-1.308263e+00 
-1.368248e+00 
-1.450788e+00 
-1.419639e+00 
-1.247711e+00 
-1.304828e+00 
-1.376216e+00 
-1.178811e+00 
-1.323356e+00 
-1.235568e+00 
-1.266314e+00 
-1.313481e+00 
-1.328104e+00 
-1.308586e+00 
-1.314855e+00 
-1.319046e+00 
-1.289548e+00 
-1.361075e+00 
-1.370533e+00 
-1.268218e+00 
-1.294333e+00 
-1.323840e+00 
-1.280866e+00 
-1.299239e+00 
-1.209346e+00 
-1.327844e+00 
-1.301252e+00 
-1.239292e+00 
-1.373054e+00 
-1.354705e+00 
-1.302486e+00 
-1.261773e+00 
-1.278839e+00 
-1.266598e+00 
-1.310465e+00 
-1.422393e+00 
-1.337552e+00 
-1.184573e+00 
-1.231482e+00 
-1.411838e+00 
-1.246483e+00 
-1.335644e+00 
-1.277698e+00 
-1.324740e+00 
-1.219782e+00 
-1.266922e+00 
-1.356077e+00 
-1.305060e+00 
-1.347931e+00 
-1.159298e+00 
-1.310712e+00 
-1.234484e+00 
-1.364762e+00 
-1.289502e+00 
-1.273692e+00 
-1.387571e+00 
-1.259557e+00 
-1.239597e+00 
-1.273561e+00 
-1.299325e+00 
-1.359148e+00 
-1.317444e+00 
-1.293303e+00 
-1.300197e+00 
-1.299502e+00 
-1.245248e+00 
-1.259970e+00 
-1.298257e+00 
-1.562415e+00 
-1.321481e+00 
-1.225230e+00 
-1.297780e+00 
-1.406023e+00 
-1.344288e+00 
-1.386002e+00 
-1.342193e+00 
-1.303295e+00 
-1.360605e+00 
-1.287782e+00 
-1.317224e+00 
-1.374154e+00 
-1.401241e+00 
-1.255648e+00 
-1.310437e+00 
-1.367926e+00 
-1.278061e+00 
-1.251611e+00 
-1.404750e+00 
-1.274086e+00 
-1.438904e+00 
-1.301609e+00 
-1.280136e+00 
-1.420139e+00 
-1.312917e+00 
-1.369091e+00 
-1.412816e+00 
-1.188870e+00 
-1.337432e+00 
-1.361521e+00 
-1.356717e+00 
-1.259947e+00 
-1.349305e+00 
-1.341900e+00 
-1.286026e+00 
-1.333318e+00 
-1.302447e+00 
-1.306518e+00 
-1.333547e+00 
-1.309887e+00 
-1.251249e+00 
-1.323890e+00 
-1.306291e+00 
-1.320930e+00 
-1.295639e+00 
-1.275679e+00 
-1.215651e+00 
-1.248928e+00 
-1.262939e+00 
-1.288535e+00 
-1.199638e+00 
-1.337896e+00 
-1.313345e+00 
-1.332844e+00 
-1.373744e+00 
-1.399095e+00 
-1.269295e+00 
-1.233273e+00 
-1.354706e+00 
-1.271074e+00 
-1.354550e+00 
-1.244420e+00 
-1.372509e+00 
-1.269388e+00 
-1.321466e+00 
-1.342811e+00 
-1.366037e+00 
-1.265719e+00 
-1.272126e+00 
-1.275300e+00 
-1.295477e+00 
-1.317323e+00 
-1.300897e+00 
-1.331578e+00 
-1.253124e+00 
-1.278277e+00 
-1.389323e+00 
-1.309846e+00 
-1.216154e+00 
-1.393974e+00 
-1.306626e+00 
-1.320689e+00 
-1.329371e+00 
-1.255275e+00 
-1.403701e+00 
-1.201758e+00 
-1.353371e+00 
-1.256548e+00 
-1.350918e+00 
-1.297682e+00 
-1.251854e+00 
-1.276123e+00 
-1.247841e+00 
-1.295368e+00 
-1.280498e+00 
-1.557278e+00 
-1.315542e+00 
-1.290621e+00 
-1.276002e+00 
-1.261733e+00 
-1.336090e+00 
-1.241208e+00 
-1.303426e+00 
-1.389378e+00 
-1.286523e+00 
-1.371744e+00 
-1.320600e+00 
-1.235931e+00 
-1.294161e+00 
-1.356513e+00 
-1.252387e+00 
-1.332971e+00 
-1.231400e+00 
-1.354013e+00 
-1.247077e+00 
-1.415173e+00 
-1.244769e+00 
-1.227943e+00 
-1.378550e+00 
-1.346691e+00 
-1.280469e+00 
-1.256999e+00 
-1.296690e+00 
-1.323108e+00 
-1.319848e+00 
-1.177329e+00 
-1.446211e+00 
-1.350754e+00 
-1.317712e+00 
-1.418598e+00 
-1.266199e+00 
-1.287470e+00 
-1.240436e+00 
-1.369430e+00 
-1.298753e+00 
-1.362225e+00 
-1.302800e+00 
-1.300994e+00 
-1.252685e+00 
-1.240654e+00 
-1.375846e+00 
-1.222491e+00 
-1.222170e+00 
-1.413808e+00 
-1.305624e+00 
-1.341548e+00 
-1.259833e+00 
-1.320579e+00 
-1.303554e+00 
-1.217155e+00 
-1.221771e+00 
-1.390999e+00 
-1.218340e+00 
-1.349127e+00 
-1.234855e+00 
-1.333626e+00 
-1.202304e+00 
-1.325704e+00 
-1.282062e+00 
-1.289952e+00 
-1.342838e+00 
-1.319809e+00 
-1.247236e+00 
-1.251708e+00 
-1.354112e+00 
-1.230610e+00 
-1.206265e+00 
-1.438795e+00 
-1.260815e+00 
-1.310675e+00 
-1.372304e+00 
-1.394894e+00 
-1.265026e+00 
-1.283663e+00 
-1.204864e+00 
-1.265438e+00 
-1.328228e+00 
-1.253558e+00 
-1.344190e+00 
-1.389281e+00 
-1.304095e+00 
-1.278721e+00 
-1.416818e+00 
-1.316810e+00 
-1.289400e+00 
-1.284241e+00 
-1.362198e+00 
-1.253697e+00 
-1.233229e+00 
-1.253027e+00 
-1.269567e+00 
-1.292784e+00 
-1.308047e+00 
-1.392399e+00 
-1.409296e+00 
-1.337248e+00 
-1.282967e+00 
-1.324470e+00 
-1.251201e+00 
-1.328889e+00 
-1.312552e+00 
-1.340619e+00 
-1.258780e+00 
-1.185248e+00 
-1.285289e+00 
-1.253854e+00 
-1.429909e+00 
-1.296443e+00 
-1.356171e+00 
-1.346213e+00 
-1.296190e+00 
-1.332090e+00 
-1.401017e+00 
-1.302084e+00 
-1.254301e+00 
-1.348046e+00 
-1.362524e+00 
-1.435101e+00 
-1.195253e+00 
-1.275652e+00 
-1.258563e+00 
-1.280231e+00 
-1.473996e+00 
-1.479680e+00 
-1.309651e+00 
-1.346434e+00 
-1.253090e+00 
-1.418349e+00 
-1.256676e+00 
-1.364886e+00 
-1.336701e+00 
-1.231422e+00 
-1.278932e+00 
-1.246915e+00 
-1.337362e+00 
-1.277552e+00 
-1.314020e+00 
-1.310846e+00 
-1.294117e+00 
-1.369008e+00 
-1.413561e+00 
-1.417361e+00 
-1.340515e+00 
-1.202549e+00 
-1.289471e+00 
-1.208313e+00 
-1.297280e+00 
-1.333991e+00 
-1.269311e+00 
-1.293895e+00 
-1.250438e+00 
-1.248838e+00 
-1.320585e+00 
-1.256400e+00 
-1.363838e+00 
-1.257273e+00 
-1.348614e+00 
-1.361298e+00 
-1.265042e+00 
-1.302083e+00 
-1.384644e+00 
-1.357142e+00 
-1.282219e+00 
-1.376909e+00 
-1.372920e+00 
-1.233712e+00 
-1.284544e+00 
-1.283546e+00 
-1.312053e+00 
-1.354994e+00 
-1.303694e+00 
-1.230314e+00 
-1.314764e+00 
-1.472889e+00 
-1.523345e+00 
-1.356957e+00 
-1.365269e+00 
-1.312678e+00 
-1.288260e+00 
-1.831590e+00 
-1.378439e+00 
-1.301640e+00 
-1.266111e+00 
-1.318875e+00 
-1.358739e+00 
-1.298281e+00 
-1.428199e+00 
-1.314549e+00 
-1.313290e+00 
-1.251357e+00 
-1.254400e+00 
-1.221350e+00 
-1.452478e+00 
-1.361240e+00 
-1.347603e+00 
-1.276665e+00 
-1.255981e+00 
-1.362796e+00 
-1.259710e+00 
-1.321073e+00 
-1.241932e+00 
-1.303484e+00 
-1.279655e+00 
-1.245495e+00 
-1.275033e+00 
-1.326155e+00 
-1.280732e+00 
-1.374770e+00 
-1.236565e+00 
-1.302039e+00 
-1.284981e+00 
-1.390245e+00 
-1.272168e+00 
-1.265834e+00 
-1.205018e+00 
-1.435042e+00 
-1.366757e+00 
-1.426363e+00 
-1.288127e+00 
-1.328616e+00 
-1.256383e+00 
-1.291162e+00 
-1.357004e+00 
-1.316877e+00 
-1.318654e+00 
-1.322574e+00 
-1.331163e+00 
-1.397980e+00 
-1.311586e+00 
-1.345970e+00 
-1.290533e+00 
-1.266339e+00 
-1.367058e+00 
-1.214703e+00 
-1.255444e+00 
-1.299894e+00 
-1.273165e+00 
-1.206231e+00 
-1.273527e+00 
-1.322481e+00 
-1.355988e+00 
-1.400940e+00 
-1.274868e+00 
-1.213486e+00 
-1.271412e+00 
-1.286250e+00 
-1.335339e+00 
-1.238823e+00 
-1.343305e+00 
-1.214151e+00 
-1.278233e+00 
-1.245269e+00 
-1.350839e+00 
-1.424166e+00 
-1.272809e+00 
-1.351618e+00 
-1.290180e+00 
-1.321857e+00 
-1.363189e+00 
-1.311315e+00 
-1.217492e+00 
-1.300866e+00 
-1.314446e+00 
-1.318943e+00 
-1.324998e+00 
-1.235739e+00 
-1.355096e+00 
-1.332163e+00 
-1.342889e+00 
-1.209600e+00 
-1.253680e+00 
-1.256905e+00 
-1.391405e+00 
-1.277842e+00 
-1.399980e+00 
-1.285305e+00 
-1.363617e+00 
-1.276234e+00 
-1.303879e+00 
-1.231275e+00 
-1.322402e+00 
-1.303307e+00 
-1.318443e+00 
-1.314569e+00 
-1.223714e+00 
-1.243480e+00 
-1.283712e+00 
-1.347330e+00 
-1.363648e+00 
-1.378056e+00 
-1.292304e+00 
-1.293625e+00 
-1.345446e+00 
-1.270295e+00 
-1.357207e+00 
-1.325269e+00 
-1.407606e+00 
-1.355799e+00 
-1.336825e+00 
-1.343454e+00 
-1.342593e+00 
-1.381746e+00 
-1.214272e+00 
-1.324896e+00 
-1.407366e+00 
-1.311277e+00 
-1.302655e+00 
